Class lambdaGPP.sw lambdaGPP.par alphaResp intResp tempMin tempMax tempOpt parZero swradZero eviMin eviMax lswiMax
"Evergreen A" 0.3493 0.18409999999999999 0.2672 0.0 0 40 20 237.0 124.0   
"Evergreen B" 0.19739999999999996 0.10359999999999998 0.2668 0.0 0 40 20 400.0 210.0   
"Evergreen C" 0.21588 0.1309 0.1797 0.88 0 40 20 496.0 270.2   
"Evergreen D" 0.1897 0.09939999999999999 0.1878 0.0 0 40 20 577.0 303.0   
Deciduous 0.13685 0.091 0.1495 0.8233 0 40 20 616.0 271.4   
"Mixed forest" 0.19992000000000001 0.1344 0.2258 0.4321 0 40 20 392.0 236.6   
Shrubland 0.06118 0.045926999999999996 0.0239 0.0 2 40 20 690.0 363.0   
Savanna 0.07987 0.060129999999999996 0.0049 0.0 2 40 20 1297.0 682.0   
Cropland 0.0945 0.0805 0.1699 -0.0144 5 40 22 1439.0 690.0   
Grassland 0.12236 0.07014 0.0881 0.05843 2 40 18 300.0 229.1   
Others 0.0 0.0 0.0 0.0 0 40 0 0.0 0.0 0.0 0.0 0.0
